0000000000000000000000000
0333000000000000000000000
0313000000000000000000000
0303000000000000000000000
0303333000000000000000000
0300023000000000000000000
0333333000000000000000000
0000000000000000000000000
0000000000000000000000000
0000000000000000000000000
0000000000000000000000000
0000000000000000000000000
0000000000000000000000000
0000000000000000000000000
0000000000000000000000000
0000000000000000000000000
0000000000000000000000000
0000000000000000000000000
0000000000000000000000000
0000000000000000000000000
